1.4358898943540672
1.435889894354067
1.4358898943540668
1.4358898943540674
1.4358898943540672
1.4358898943540672
1.4358898943540672
1.4358898943540672
1.4358898943540672
1.4358898943540672
1.4358898943540672
1.4358898943540672
1.4358898943540674
1.4358898943540672
1.4358898943540674
1.4358898943540672
1.4358898943540672
1.4358898943540672
1.4358898943540672
1.4358898943540672
1.4358898943540672
1.4358898943540672
1.4358898943540674
1.4358898943540672
1.4358898943540672
1.4358898943540672
1.4358898943540672
1.4358898943540672
1.4358898943540672
1.4358898943540672
1.4358898943540672
1.4358898943540672
1.4358898943540672
1.4358898943540672
1.4358898943540672
1.4358898943540672
1.4358898943540672
1.4358898943540672
1.4358898943540674
1.4358898943540672
1.4358898943540672
1.4358898943540672
1.4358898943540672
1.4358898943540672
1.4358898943540672
1.4358898943540674
1.4358898943540672
1.4358898943540677
1.4358898943540672
1.4358898943540672
1.4358898943540672